0 0.2099 0.41 0.046875 0.083333
0 0.225 0.505 0.047917 0.09
0 0.7474 0.12833 0.048958 0.076667
0 0.40729 0.76417 0.060417 0.085
0 0.57188 0.75917 0.045833 0.078333
0 0.075 0.92333 0.05 0.09
0 0.80521 0.68167 0.035417 0.09
0 0.27865 0.055833 0.048958 0.071667
0 0.32552 0.1275 0.046875 0.098333
0 0.29115 0.20083 0.040625 0.088333
0 0.14271 0.155 0.041667 0.06
0 0.055729 0.17167 0.030208 0.05
0 0.60573 0.395 0.044792 0.086667
0 0.85 0.62 0.039583 0.07
0 0.85781 0.1 0.051042 0.08
0 0.7599 0.88083 0.036458 0.098333
0 0.83333 0.9575 0.047917 0.088333
