0 0.25625 0.40667 0.045833 0.07
0 0.28437 0.26667 0.039583 0.1
0 0.1875 0.4175 0.035417 0.081667
0 0.22969 0.47417 0.057292 0.085
0 0.76875 0.1425 0.0625 0.105
0 0.44271 0.75417 0.054167 0.085
0 0.68906 0.96583 0.055208 0.071667
0 0.084375 0.86667 0.05 0.09
0 0.55833 0.69583 0.05 0.091667
0 0.3151 0.098333 0.063542 0.056667
0 0.31458 0.0375 0.06875 0.065
0 0.1224 0.115 0.038542 0.073333
0 0.041146 0.13083 0.034375 0.061667
0 0.60208 0.30833 0.0375 0.08
0 0.83542 0.59333 0.05 0.056667
0 0.81302 0.64667 0.044792 0.07
0 0.77083 0.92083 0.045833 0.088333
0 0.83125 0.11 0.047917 0.063333
