0 0.80166 0.30165 0.05625 0.068333
0 0.40417 0.025833 0.041667 0.048333
0 0.62135 0.35417 0.055208 0.078333
0 0.7526 0.88417 0.065625 0.081667
0 0.68854 0.44417 0.054167 0.091667
0 0.16823 0.63583 0.046875 0.088333
0 0.10885 0.705 0.046875 0.08
0 0.084375 0.76917 0.039583 0.075
0 0.49167 0.080833 0.052083 0.091667
0 0.55781 0.12333 0.057292 0.096667
0 0.19167 0.3075 0.058333 0.10833
0 0.41406 0.37 0.053125 0.076667
0 0.67031 0.0975 0.053125 0.078333
0 0.85313 0.41833 0.066667 0.08
0 0.88333 0.315 0.05625 0.093333
0 0.97552 0.12083 0.028125 0.071667
0 0.77552 0.0925 0.051042 0.068333
