0 0.71146 0.3075 0.05 0.041667
0 0.71354 0.34667 0.064583 0.066667
0 0.34948 0.050833 0.046875 0.071667
0 0.84844 0.75083 0.055208 0.071667
0 0.67969 0.58 0.053125 0.093333
0 0.1474 0.72 0.048958 0.096667
0 0.1125 0.57417 0.05 0.071667
0 0.42917 0.035833 0.05625 0.068333
0 0.16875 0.3925 0.054167 0.091667
0 0.10625 0.875 0.045833 0.083333
0 0.1349 0.81667 0.061458 0.08
0 0.22552 0.71417 0.046875 0.078333
0 0.034375 0.78667 0.066667 0.073333
0 0.43021 0.48583 0.045833 0.085
0 0.71094 0.19167 0.028125 0.06
0 0.78021 0.46167 0.045833 0.083333
0 0.87292 0.45083 0.05 0.085
0 0.71562 0.0625 0.05 0.078333
0 0.59531 0.1675 0.063542 0.075
0 0.84219 0.0825 0.057292 0.058333
