0 0.5625 0.36333 0.066667 0.073333
0 0.29479 0.18833 0.041667 0.09
0 0.86823 0.25083 0.061458 0.105
0 0.94167 0.7125 0.039583 0.075
0 0.62917 0.84417 0.054167 0.085
0 0.1 0.925 0.04375 0.076667
0 0.64896 0.26417 0.04375 0.078333
0 0.67812 0.36417 0.04375 0.075
0 0.75208 0.33833 0.041667 0.07
0 0.01875 0.64083 0.035417 0.068333
0 0.11615 0.54083 0.044792 0.11167
0 0.16771 0.6375 0.047917 0.055
0 0.16562 0.435 0.054167 0.086667
0 0.11458 0.30583 0.041667 0.075
0 0.51094 0.68083 0.051042 0.098333
0 0.90417 0.093333 0.054167 0.066667
0 0.66719 0.61833 0.053125 0.066667
