0 0.12396 0.42917 0.05625 0.071667
0 0.19427 0.585 0.057292 0.07
0 0.70677 0.13833 0.061458 0.073333
0 0.34115 0.4125 0.063542 0.071667
0 0.32917 0.7875 0.033333 0.031667
0 0.58802 0.8875 0.042708 0.081667
0 0.10156 0.795 0.055208 0.083333
0 0.74635 0.77333 0.034375 0.076667
0 0.81458 0.77417 0.035417 0.088333
0 0.8125 0.87583 0.047917 0.085
0 0.20104 0.1175 0.04375 0.065
0 0.18229 0.20833 0.05625 0.073333
0 0.039063 0.26417 0.053125 0.075
0 0.1026 0.29 0.044792 0.076667
0 0.6099 0.52083 0.046875 0.075
0 0.89063 0.71667 0.052083 0.073333
0 0.33854 0.20167 0.041667 0.06
0 0.29167 0.0725 0.054167 0.088333
0 0.9349 0.11333 0.059375 0.096667
