0 0.76198 0.30667 0.051042 0.073333
0 0.3625 0.0375 0.041667 0.071667
0 0.67292 0.35167 0.0625 0.073333
0 0.82656 0.8375 0.051042 0.081667
0 0.67031 0.52917 0.065625 0.11167
0 0.14479 0.695 0.04375 0.07
0 0.11042 0.6225 0.05 0.075
0 0.10312 0.83333 0.039583 0.09
0 0.46771 0.051667 0.039583 0.086667
0 0.17865 0.35833 0.051042 0.08
0 0.24063 0.76417 0.045833 0.088333
0 0.14583 0.84583 0.047917 0.075
0 0.4224 0.45417 0.048958 0.091667
0 0.70469 0.15333 0.030208 0.053333
0 0.87292 0.4025 0.0625 0.091667
0 0.80625 0.45417 0.047917 0.081667
0 0.98125 0.1125 0.039583 0.075
0 0.58542 0.145 0.041667 0.07
0 0.7349 0.035833 0.051042 0.068333
0 0.82813 0.089167 0.035417 0.061667
