0 0.41094 0.3875 0.046875 0.075
0 0.25104 0.29417 0.05625 0.098333
0 0.84115 0.10167 0.046875 0.066667
0 0.56719 0.6925 0.055208 0.095
0 0.58385 0.84833 0.051042 0.09
0 0.082812 0.835 0.042708 0.066667
0 0.6 0.46333 0.054167 0.08
0 0.73542 0.48667 0.05 0.093333
0 0.78021 0.48917 0.058333 0.10833
0 0.16615 0.12417 0.044792 0.065
0 0.057292 0.035833 0.052083 0.068333
0 0.095833 0.72167 0.054167 0.09
0 0.23594 0.47583 0.042708 0.075
0 0.58125 0.094167 0.029167 0.081667
0 0.73333 0.04 0.060417 0.076667
0 0.01875 0.36417 0.0375 0.075
0 0.16875 0.20917 0.041667 0.065
