0 0.37292 0.39167 0.05 0.076667
0 0.24323 0.34083 0.046875 0.078333
0 0.82448 0.115 0.053125 0.086667
0 0.54375 0.70417 0.058333 0.085
0 0.6099 0.88333 0.046875 0.08
0 0.0875 0.8775 0.04375 0.078333
0 0.59323 0.49917 0.057292 0.10833
0 0.74687 0.50417 0.04375 0.11833
0 0.78177 0.49917 0.032292 0.12167
0 0.1901 0.0825 0.030208 0.075
0 0.070833 0.04 0.047917 0.076667
0 0.25156 0.43917 0.042708 0.081667
0 0.08125 0.74917 0.045833 0.085
0 0.58646 0.16083 0.0375 0.061667
0 0.74531 0.065833 0.053125 0.071667
0 0.16094 0.1625 0.046875 0.065
0 0.060417 0.37333 0.045833 0.05
0 0.28125 0.025833 0.047917 0.048333
