0 0.84531 0.28667 0.053125 0.06
0 0.41198 0.31083 0.042708 0.085
0 0.58958 0.3575 0.058333 0.071667
0 0.70937 0.8825 0.052083 0.071667
0 0.68958 0.38167 0.047917 0.086667
0 0.18906 0.6025 0.057292 0.068333
0 0.10469 0.75167 0.059375 0.10333
0 0.051562 0.7325 0.040625 0.081667
0 0.51198 0.11667 0.053125 0.076667
0 0.54479 0.074167 0.05625 0.081667
0 0.21354 0.28917 0.05 0.078333
0 0.89531 0.26167 0.038542 0.083333
0 0.98177 0.17417 0.038542 0.095
0 0.87448 0.37167 0.046875 0.07
0 0.67448 0.058333 0.051042 0.076667
0 0.73646 0.1075 0.047917 0.078333
