0 0.88021 0.28333 0.052083 0.066667
0 0.40417 0.26917 0.041667 0.095
0 0.57031 0.36333 0.051042 0.073333
0 0.67656 0.91083 0.065625 0.075
0 0.6974 0.33583 0.044792 0.095
0 0.19219 0.56333 0.044792 0.086667
0 0.53646 0.14417 0.05625 0.075
0 0.21979 0.25167 0.05625 0.093333
0 0.91458 0.22 0.039583 0.066667
0 0.99219 0.205 0.017708 0.07
0 0.89427 0.3675 0.040625 0.071667
0 0.042708 0.70583 0.04375 0.071667
0 0.10312 0.815 0.039583 0.076667
0 0.6651 0.040833 0.051042 0.065
0 0.72188 0.090833 0.05 0.061667
0 0.51198 0.040833 0.040625 0.078333
