0 0.8375 0.28917 0.05625 0.061667
0 0.41094 0.3375 0.046875 0.095
0 0.6 0.35333 0.052083 0.073333
0 0.72552 0.88083 0.057292 0.078333
0 0.68594 0.41583 0.046875 0.085
0 0.18229 0.6075 0.04375 0.085
0 0.10625 0.74917 0.04375 0.085
0 0.064583 0.74167 0.0375 0.083333
0 0.50521 0.0975 0.047917 0.075
0 0.55885 0.11667 0.071875 0.096667
0 0.20625 0.29667 0.054167 0.1
0 0.89427 0.28167 0.034375 0.09
0 0.98281 0.15333 0.036458 0.083333
0 0.86458 0.39167 0.0625 0.086667
0 0.68021 0.075833 0.05625 0.071667
0 0.75625 0.085 0.05 0.063333
