0 0.17448 0.41583 0.046875 0.071667
0 0.21198 0.52667 0.048958 0.093333
0 0.72917 0.12417 0.0625 0.068333
0 0.37812 0.79083 0.058333 0.081667
0 0.57969 0.8175 0.051042 0.091667
0 0.065625 0.95917 0.045833 0.085
0 0.80937 0.71167 0.047917 0.11333
0 0.75521 0.84 0.041667 0.086667
0 0.8276 0.9125 0.048958 0.071667
0 0.24167 0.074167 0.06875 0.071667
0 0.16406 0.175 0.046875 0.08
0 0.076042 0.22583 0.035417 0.051667
0 0.032813 0.22333 0.034375 0.056667
0 0.61146 0.43583 0.05 0.088333
0 0.87135 0.66583 0.053125 0.088333
0 0.3349 0.175 0.053125 0.06
0 0.29115 0.135 0.036458 0.08
0 0.29271 0.41667 0.0375 0.046667
0 0.89687 0.11417 0.035417 0.071667
