0 0.59688 0.34917 0.05625 0.071667
0 0.29844 0.14333 0.036458 0.093333
0 0.81823 0.27833 0.063542 0.1
0 0.96771 0.64083 0.0375 0.088333
0 0.63385 0.76917 0.051042 0.078333
0 0.11615 0.85833 0.044792 0.08
0 0.65625 0.295 0.04375 0.066667
0 0.65625 0.23 0.05 0.056667
0 0.13125 0.50417 0.025 0.078333
0 0.15833 0.53083 0.035417 0.075
0 0.041667 0.725 0.052083 0.056667
0 0.13125 0.70167 0.05 0.09
0 0.48542 0.62833 0.05625 0.083333
0 0.73333 0.295 0.041667 0.073333
0 0.70313 0.57667 0.05625 0.076667
0 0.91771 0.65083 0.027083 0.091667
0 0.92083 0.071667 0.045833 0.066667
0 0.98073 0.033333 0.036458 0.063333
