0 0.38958 0.39667 0.06875 0.08
0 0.24583 0.32333 0.047917 0.096667
0 0.82708 0.1175 0.045833 0.085
0 0.54792 0.71667 0.05 0.083333
0 0.59948 0.8675 0.069792 0.10167
0 0.085417 0.8625 0.047917 0.078333
0 0.58594 0.49 0.044792 0.09
0 0.75417 0.51 0.0375 0.09
0 0.78802 0.50917 0.048958 0.098333
0 0.17917 0.09 0.0375 0.06
0 0.067708 0.040833 0.047917 0.078333
0 0.092708 0.7275 0.041667 0.071667
0 0.24375 0.44833 0.035417 0.083333
0 0.58333 0.14583 0.0375 0.078333
0 0.74427 0.06 0.044792 0.073333
0 0.16146 0.16583 0.047917 0.071667
0 0.046875 0.36917 0.05 0.045
