0 0.43333 0.39667 0.054167 0.07
0 0.26146 0.2825 0.04375 0.088333
0 0.97552 0.068333 0.046875 0.09
0 0.57344 0.6875 0.042708 0.075
0 0.5776 0.8225 0.053125 0.091667
0 0.073438 0.7925 0.030208 0.068333
0 0.60365 0.41333 0.055208 0.09
0 0.725 0.45333 0.04375 0.083333
0 0.77865 0.44917 0.051042 0.10167
0 0.14792 0.1625 0.04375 0.065
0 0.092708 0.67583 0.047917 0.058333
0 0.23125 0.51167 0.039583 0.073333
0 0.57969 0.0625 0.036458 0.078333
0 0.85573 0.093333 0.053125 0.056667
0 0.17344 0.24417 0.044792 0.065
