0 0.3151 0.4 0.071875 0.063333
0 0.275 0.32917 0.047917 0.088333
0 0.22448 0.39667 0.044792 0.093333
0 0.79375 0.14583 0.058333 0.065
0 0.79792 0.1 0.064583 0.05
0 0.48542 0.7275 0.052083 0.081667
0 0.65521 0.92 0.05625 0.076667
0 0.12396 0.9675 0.058333 0.068333
0 0.56563 0.6025 0.045833 0.088333
0 0.14844 0.036667 0.034375 0.066667
0 0.28958 0.069167 0.033333 0.10167
0 0.10052 0.0775 0.038542 0.078333
0 0.082292 0.81333 0.035417 0.09
0 0.033333 0.095 0.05 0.073333
0 0.59427 0.24083 0.034375 0.071667
0 0.77969 0.5775 0.028125 0.065
0 0.8026 0.58583 0.034375 0.081667
0 0.13385 0.39333 0.046875 0.06
0 0.77552 0.96417 0.051042 0.058333
