0 0.40208 0.39667 0.05625 0.086667
0 0.25677 0.30417 0.053125 0.081667
0 0.83542 0.115 0.052083 0.086667
0 0.55208 0.7 0.0625 0.07
0 0.59115 0.85833 0.061458 0.1
0 0.091667 0.8475 0.047917 0.058333
0 0.59271 0.465 0.05625 0.08
0 0.7401 0.49667 0.040625 0.096667
0 0.77552 0.48583 0.048958 0.095
0 0.17344 0.11 0.032292 0.053333
0 0.069792 0.0375 0.047917 0.071667
0 0.089063 0.71917 0.046875 0.085
0 0.24063 0.4775 0.035417 0.085
0 0.58802 0.11917 0.036458 0.071667
0 0.73802 0.0425 0.051042 0.065
0 0.018229 0.3725 0.036458 0.081667
0 0.16615 0.19417 0.051042 0.075
