0 0.3625 0.40333 0.072917 0.053333
0 0.22812 0.35083 0.060417 0.085
0 0.82031 0.1175 0.053125 0.088333
0 0.52135 0.72 0.059375 0.096667
0 0.6276 0.90833 0.069792 0.10333
0 0.097917 0.91333 0.041667 0.07
0 0.57917 0.54583 0.04375 0.091667
0 0.75781 0.54 0.046875 0.08
0 0.79948 0.54667 0.042708 0.11667
0 0.20052 0.043333 0.051042 0.083333
0 0.084375 0.039167 0.039583 0.071667
0 0.25781 0.38583 0.030208 0.068333
0 0.090625 0.765 0.04375 0.086667
0 0.57969 0.19833 0.036458 0.073333
0 0.76042 0.081667 0.0625 0.076667
0 0.092188 0.39083 0.053125 0.068333
0 0.14427 0.085 0.032292 0.053333
0 0.28333 0.039167 0.0375 0.061667
