0 0.26927 0.40083 0.057292 0.068333
0 0.28542 0.27833 0.047917 0.1
0 0.22812 0.44167 0.027083 0.11333
0 0.76354 0.13833 0.052083 0.096667
0 0.80937 0.1175 0.060417 0.098333
0 0.45521 0.75417 0.064583 0.078333
0 0.68646 0.9625 0.054167 0.078333
0 0.078125 0.855 0.039583 0.083333
0 0.5599 0.67583 0.046875 0.091667
0 0.30833 0.1 0.05625 0.063333
0 0.32135 0.0325 0.057292 0.061667
0 0.11146 0.0975 0.039583 0.078333
0 0.03125 0.11583 0.04375 0.071667
0 0.60052 0.30167 0.034375 0.08
0 0.81354 0.595 0.033333 0.053333
0 0.81302 0.63333 0.044792 0.053333
0 0.1651 0.40667 0.061458 0.076667
0 0.76979 0.93333 0.04375 0.093333
