0 0.54427 0.36 0.053125 0.066667
0 0.29115 0.18 0.051042 0.086667
0 0.89063 0.20833 0.08125 0.076667
0 0.94635 0.71917 0.044792 0.078333
0 0.62396 0.845 0.05625 0.11333
0 0.10833 0.92917 0.047917 0.071667
0 0.63854 0.27167 0.041667 0.08
0 0.68698 0.36667 0.057292 0.08
0 0.75781 0.345 0.046875 0.076667
0 0.16458 0.4325 0.039583 0.091667
0 0.11875 0.31 0.0375 0.083333
0 0.1151 0.58083 0.034375 0.071667
0 0.17292 0.64583 0.04375 0.081667
0 0.017708 0.64333 0.033333 0.063333
0 0.51042 0.68917 0.05625 0.075
0 0.90833 0.088333 0.05625 0.046667
0 0.66719 0.61833 0.071875 0.063333
