0 0.68906 0.33417 0.042708 0.065
0 0.35 0.071667 0.045833 0.073333
0 0.7474 0.32833 0.063542 0.063333
0 0.87813 0.73417 0.041667 0.078333
0 0.6724 0.62083 0.053125 0.091667
0 0.10677 0.53667 0.038542 0.076667
0 0.12865 0.73917 0.042708 0.095
0 0.62448 0.20833 0.051042 0.076667
0 0.15521 0.41333 0.058333 0.073333
0 0.039063 0.76417 0.059375 0.068333
0 0.11615 0.815 0.051042 0.086667
0 0.13437 0.88583 0.08125 0.098333
0 0.21927 0.67083 0.063542 0.088333
0 0.43802 0.52 0.061458 0.08
0 0.71771 0.20667 0.035417 0.07
0 0.7599 0.49 0.042708 0.07
0 0.86875 0.48917 0.045833 0.078333
0 0.70521 0.10417 0.047917 0.081667
0 0.88385 0.0925 0.053125 0.075
0 0.96354 0.061667 0.054167 0.076667
