0 0.85729 0.28583 0.045833 0.071667
0 0.40729 0.29917 0.047917 0.085
0 0.57708 0.35583 0.047917 0.068333
0 0.69583 0.89583 0.066667 0.075
0 0.69375 0.3825 0.0625 0.091667
0 0.18542 0.5875 0.058333 0.095
0 0.10365 0.75167 0.038542 0.08
0 0.054688 0.72583 0.040625 0.081667
0 0.5125 0.12333 0.047917 0.076667
0 0.53594 0.071667 0.055208 0.076667
0 0.21406 0.27667 0.051042 0.083333
0 0.9099 0.26167 0.042708 0.08
0 0.88177 0.37833 0.046875 0.06
0 0.9849 0.17583 0.032292 0.088333
0 0.66979 0.050833 0.047917 0.081667
0 0.72656 0.095 0.048958 0.073333
