0 0.17031 0.41583 0.053125 0.071667
0 0.21094 0.5475 0.067708 0.071667
0 0.72031 0.12583 0.069792 0.058333
0 0.3599 0.78333 0.040625 0.066667
0 0.57865 0.83167 0.055208 0.1
0 0.072917 0.96583 0.060417 0.071667
0 0.75208 0.8325 0.045833 0.098333
0 0.82552 0.91833 0.044792 0.073333
0 0.8125 0.72917 0.041667 0.105
0 0.23333 0.086667 0.0625 0.056667
0 0.16146 0.17417 0.047917 0.085
0 0.080208 0.2325 0.035417 0.061667
0 0.029167 0.2275 0.039583 0.051667
0 0.60573 0.4475 0.044792 0.091667
0 0.87656 0.6725 0.051042 0.085
0 0.33229 0.16833 0.041667 0.073333
0 0.28958 0.13083 0.039583 0.088333
0 0.31146 0.42667 0.039583 0.056667
0 0.91094 0.11583 0.057292 0.081667
