0 0.2875 0.26917 0.05 0.091667
0 0.24219 0.40833 0.046875 0.07
0 0.1974 0.40417 0.044792 0.075
0 0.22135 0.48583 0.053125 0.098333
0 0.76927 0.13833 0.065625 0.096667
0 0.44271 0.76333 0.060417 0.086667
0 0.69896 0.9675 0.054167 0.068333
0 0.070313 0.87167 0.040625 0.09
0 0.5599 0.69583 0.040625 0.091667
0 0.80781 0.64833 0.038542 0.083333
0 0.30781 0.046667 0.063542 0.066667
0 0.31042 0.115 0.060417 0.083333
0 0.12604 0.12583 0.0375 0.071667
0 0.034375 0.14333 0.04375 0.073333
0 0.59688 0.33167 0.035417 0.09
0 0.83437 0.595 0.047917 0.063333
0 0.83177 0.115 0.051042 0.10333
0 0.77292 0.93083 0.05625 0.095
0 0.84792 0.98333 0.04375 0.036667
