0 0.63021 0.33917 0.054167 0.058333
0 0.3151 0.12333 0.061458 0.086667
0 0.79792 0.29 0.058333 0.076667
0 0.94792 0.65083 0.039583 0.061667
0 0.64063 0.72917 0.0625 0.098333
0 0.12708 0.8375 0.045833 0.068333
0 0.64792 0.27 0.052083 0.066667
0 0.67188 0.20376 0.04375 0.073333
0 0.060417 0.74083 0.041667 0.061667
0 0.11615 0.725 0.036458 0.076667
0 0.16719 0.57167 0.044792 0.076667
0 0.13646 0.97083 0.052083 0.061667
0 0.46667 0.59833 0.05625 0.086667
0 0.73073 0.27667 0.044792 0.07
0 0.71042 0.55167 0.041667 0.066667
0 0.90833 0.6075 0.03125 0.065
0 0.92448 0.075833 0.044792 0.061667
0 0.95729 0.0475 0.033333 0.075
