0 0.66719 0.33083 0.046875 0.068333
0 0.3352 0.078333 0.054167 0.08
0 0.7599 0.32833 0.061458 0.076667
0 0.89583 0.72417 0.05625 0.078333
0 0.65938 0.65417 0.05 0.105
0 0.15 0.435 0.03125 0.086667
0 0.10104 0.50167 0.03125 0.093333
0 0.12865 0.76667 0.038542 0.08
0 0.62708 0.22667 0.052083 0.09
0 0.060937 0.74333 0.046875 0.056667
0 0.090625 0.79167 0.03125 0.08
0 0.12396 0.90833 0.052083 0.06
0 0.20104 0.64 0.0625 0.08
0 0.44323 0.5375 0.053125 0.075
0 0.71875 0.23667 0.0375 0.073333
0 0.74375 0.50417 0.0375 0.081667
0 0.87656 0.53417 0.036458 0.078333
0 0.90208 0.079167 0.033333 0.061667
0 0.70417 0.13583 0.035417 0.068333
0 0.95313 0.074167 0.05 0.081667
