0 0.6375 0.34167 0.054167 0.05
0 0.32292 0.11667 0.05 0.063333
0 0.79844 0.30583 0.071875 0.085
0 0.92969 0.70667 0.071875 0.08
0 0.64948 0.7 0.063542 0.11667
0 0.11719 0.82833 0.046875 0.08
0 0.63594 0.25167 0.040625 0.093333
0 0.076042 0.7375 0.035417 0.061667
0 0.1099 0.72917 0.051042 0.068333
0 0.17865 0.58417 0.038542 0.071667
0 0.13385 0.94917 0.046875 0.071667
0 0.46042 0.5925 0.05625 0.088333
0 0.72656 0.26917 0.040625 0.065
0 0.90365 0.585 0.036458 0.063333
0 0.72083 0.5325 0.035417 0.055
0 0.67656 0.1975 0.034375 0.055
0 0.92812 0.065833 0.022917 0.041667
0 0.95156 0.048333 0.040625 0.04
