0 0.24063 0.42333 0.03125 0.09
0 0.22969 0.49833 0.048958 0.093333
0 0.20104 0.41083 0.04375 0.085
0 0.75417 0.14461 0.0625 0.081667
0 0.41875 0.77583 0.064583 0.081667
0 0.56719 0.75 0.051042 0.086667
0 0.070313 0.90417 0.046875 0.10167
0 0.8 0.67667 0.041667 0.09
0 0.28854 0.0525 0.054167 0.068333
0 0.31719 0.13 0.057292 0.07
0 0.13802 0.14417 0.030208 0.065
0 0.056771 0.18333 0.034375 0.076667
0 0.60833 0.3725 0.05 0.088333
0 0.85 0.61167 0.041667 0.076667
0 0.84792 0.095 0.05 0.07
0 0.76458 0.89333 0.045833 0.09
0 0.83594 0.96 0.057292 0.083333
