0 0.60833 0.34083 0.047917 0.078333
0 0.30104 0.1225 0.05 0.095
0 0.81198 0.29167 0.069792 0.08
0 0.95417 0.6475 0.039583 0.065
0 0.64479 0.74417 0.047917 0.085
0 0.12812 0.8425 0.05 0.068333
0 0.64844 0.27917 0.053125 0.078333
0 0.66823 0.21083 0.044792 0.068333
0 0.054688 0.73417 0.046875 0.075
0 0.12031 0.72083 0.046875 0.071667
0 0.15833 0.5625 0.045833 0.055
0 0.14115 0.50417 0.042708 0.071667
0 0.47552 0.61083 0.044792 0.081667
0 0.73125 0.27417 0.04375 0.065
0 0.71719 0.5525 0.048958 0.068333
0 0.91458 0.615 0.03125 0.07
0 0.92188 0.079167 0.029167 0.061667
0 0.9724 0.0425 0.046875 0.081667
