0 0.64583 0.3375 0.054167 0.071667
0 0.32448 0.099167 0.046875 0.098333
0 0.78698 0.315 0.044792 0.10667
0 0.91255 0.70092 0.044792 0.066667
0 0.65104 0.68917 0.066667 0.105
0 0.11927 0.7975 0.038542 0.081667
0 0.63906 0.245 0.059375 0.076667
0 0.06875 0.7525 0.039583 0.051667
0 0.092188 0.71833 0.042708 0.053333
0 0.1776 0.6075 0.055208 0.065
0 0.13385 0.93583 0.040625 0.075
0 0.46042 0.575 0.05 0.08
0 0.73073 0.25167 0.040625 0.07
0 0.7224 0.52417 0.044792 0.081667
0 0.88646 0.565 0.05 0.07
0 0.69688 0.1725 0.033333 0.065
0 0.93698 0.0625 0.036458 0.055
