0 0.86562 0.28083 0.05 0.068333
0 0.40677 0.28583 0.046875 0.081667
0 0.56927 0.37083 0.053125 0.068333
0 0.67969 0.89583 0.071875 0.078333
0 0.6849 0.36083 0.051042 0.075
0 0.18698 0.5725 0.059375 0.088333
0 0.52969 0.1325 0.044792 0.065
0 0.52708 0.064167 0.060417 0.051667
0 0.22083 0.26417 0.04375 0.088333
0 0.91719 0.225 0.044792 0.086667
0 0.98594 0.20167 0.030208 0.09
0 0.8875 0.36 0.060417 0.046667
0 0.051042 0.715 0.052083 0.07
0 0.097917 0.80833 0.041667 0.08
0 0.6599 0.038333 0.040625 0.073333
0 0.71458 0.093333 0.054167 0.056667
