0 0.52917 0.36083 0.06875 0.071667
0 0.2776 0.20333 0.053125 0.073333
0 0.89531 0.2025 0.061458 0.085
0 0.94635 0.74333 0.038542 0.086667
0 0.61823 0.88 0.044792 0.096667
0 0.092188 0.94667 0.034375 0.076667
0 0.62865 0.29417 0.053125 0.088333
0 0.68281 0.38167 0.053125 0.10667
0 0.75677 0.37583 0.044792 0.105
0 0.1224 0.2875 0.048958 0.081667
0 0.1651 0.41333 0.048958 0.08
0 0.11458 0.58 0.035417 0.083333
0 0.17813 0.6175 0.035417 0.065
0 0.022396 0.68083 0.042708 0.071667
0 0.51719 0.70667 0.057292 0.08
0 0.89844 0.0925 0.057292 0.068333
0 0.64948 0.63833 0.061458 0.066667
