0 0.26719 0.36083 0.038542 0.065
0 0.22292 0.38333 0.041667 0.066667
0 0.32969 0.40833 0.051042 0.08
0 0.81354 0.10917 0.05625 0.068333
0 0.50208 0.72333 0.060417 0.096667
0 0.63594 0.905 0.059375 0.076667
0 0.11146 0.94667 0.045833 0.086667
0 0.57552 0.57167 0.046875 0.086667
0 0.77083 0.55 0.033333 0.08
0 0.80417 0.555 0.0375 0.11
0 0.20365 0.040833 0.051042 0.078333
0 0.090625 0.0675 0.058333 0.078333
0 0.086458 0.78167 0.047917 0.083333
0 0.58698 0.20667 0.038542 0.07
0 0.76198 0.09 0.059375 0.06
0 0.15208 0.076667 0.039583 0.056667
0 0.10677 0.38583 0.042708 0.065
0 0.036979 0.075 0.042708 0.053333
0 0.28177 0.040833 0.048958 0.078333
