0 0.82344 0.28917 0.057292 0.071667
0 0.40469 0.025833 0.040625 0.048333
0 0.6125 0.35417 0.0625 0.081667
0 0.73281 0.88583 0.053125 0.075
0 0.6849 0.41583 0.051042 0.085
0 0.1776 0.615 0.048958 0.08
0 0.10521 0.725 0.039583 0.076667
0 0.076563 0.76417 0.046875 0.078333
0 0.49479 0.083333 0.052083 0.076667
0 0.55156 0.1125 0.061458 0.105
0 0.19792 0.29583 0.058333 0.10167
0 0.40781 0.33833 0.046875 0.07
0 0.67917 0.09 0.045833 0.073333
0 0.88906 0.2975 0.051042 0.091667
0 0.98333 0.14083 0.035417 0.10167
0 0.86615 0.40583 0.059375 0.075
0 0.76302 0.090833 0.038542 0.071667
