0 0.5875 0.35583 0.052083 0.058333
0 0.30781 0.1475 0.042708 0.091667
0 0.83437 0.275 0.075 0.10667
0 0.97865 0.6175 0.044792 0.075
0 0.63177 0.7675 0.059375 0.10167
0 0.1224 0.8725 0.048958 0.078333
0 0.66719 0.3025 0.053125 0.078333
0 0.65469 0.22167 0.053125 0.07
0 0.036979 0.725 0.055208 0.076667
0 0.13802 0.705 0.051042 0.08
0 0.023958 0.565 0.045833 0.09
0 0.11615 0.51667 0.038542 0.066667
0 0.1474 0.515 0.038542 0.1
0 0.49323 0.62417 0.040625 0.091667
0 0.73646 0.30167 0.045833 0.07
0 0.92396 0.65583 0.039583 0.088333
0 0.6901 0.5825 0.044792 0.088333
0 0.9099 0.085833 0.040625 0.051667
