0 0.50469 0.3825 0.067708 0.098333
0 0.28021 0.2175 0.05 0.081667
0 0.93281 0.15917 0.071875 0.071667
0 0.97708 0.75917 0.047917 0.075
0 0.60781 0.90833 0.057292 0.083333
0 0.10104 0.96333 0.060417 0.076667
0 0.61719 0.32167 0.038542 0.09
0 0.69427 0.385 0.044792 0.096667
0 0.75208 0.37833 0.052083 0.1
0 0.10729 0.59667 0.04375 0.11667
0 0.20208 0.5975 0.054167 0.078333
0 0.12865 0.24917 0.048958 0.085
0 0.1724 0.3625 0.051042 0.071667
0 0.030208 0.70667 0.058333 0.1
0 0.53906 0.74667 0.051042 0.08
0 0.87396 0.085 0.05 0.063333
0 0.62604 0.6525 0.054167 0.055
