0 0.65729 0.3325 0.05625 0.068333
0 0.33229 0.085 0.052083 0.093333
0 0.76823 0.32083 0.063542 0.088333
0 0.90677 0.72417 0.055208 0.078333
0 0.65417 0.67083 0.047917 0.10167
0 0.1224 0.78167 0.036458 0.083333
0 0.6224 0.22583 0.042708 0.10167
0 0.065625 0.73417 0.03125 0.055
0 0.088542 0.7775 0.010417 0.081667
0 0.18646 0.62583 0.035417 0.058333
0 0.13021 0.91583 0.045833 0.075
0 0.44896 0.5575 0.054167 0.095
0 0.72292 0.23917 0.041667 0.075
0 0.74323 0.52083 0.034375 0.075
0 0.87969 0.5475 0.038542 0.075
0 0.70156 0.14417 0.040625 0.075
0 0.91146 0.080833 0.04375 0.061667
0 0.95677 0.065 0.046875 0.08
