0 0.69427 0.32583 0.053125 0.071667
0 0.35521 0.053333 0.041667 0.073333
0 0.73854 0.32667 0.054167 0.083333
0 0.8599 0.73667 0.040625 0.073333
0 0.67083 0.5925 0.05625 0.098333
0 0.10625 0.55917 0.0375 0.071667
0 0.13646 0.7275 0.041667 0.091667
0 0.60677 0.2 0.046875 0.07
0 0.4349 0.025 0.042708 0.046667
0 0.17344 0.40833 0.044792 0.08
0 0.032292 0.78167 0.039583 0.07
0 0.12552 0.8175 0.069792 0.071667
0 0.10938 0.88417 0.0625 0.071667
0 0.21875 0.70667 0.066667 0.09
0 0.4349 0.495 0.051042 0.09
0 0.7125 0.19917 0.033333 0.085
0 0.77604 0.47167 0.05 0.076667
0 0.86927 0.46083 0.046875 0.088333
0 0.71302 0.080833 0.057292 0.081667
0 0.87656 0.080833 0.048958 0.051667
