0 0.47708 0.37083 0.05625 0.075
0 0.27031 0.2325 0.061458 0.088333
0 0.93385 0.13917 0.044792 0.10833
0 0.98802 0.79583 0.026042 0.085
0 0.60313 0.94083 0.047917 0.10833
0 0.067187 0.9775 0.042708 0.048333
0 0.6151 0.36083 0.051042 0.095
0 0.7099 0.41833 0.038542 0.093333
0 0.76458 0.415 0.047917 0.10667
0 0.14323 0.22 0.046875 0.076667
0 0.17031 0.3075 0.044792 0.068333
0 0.54688 0.75917 0.045833 0.088333
0 0.033854 0.74167 0.055208 0.09
0 0.10833 0.64083 0.054167 0.078333
0 0.20417 0.5575 0.052083 0.068333
0 0.56875 0.038333 0.045833 0.073333
0 0.86562 0.10333 0.045833 0.066667
0 0.60885 0.66667 0.063542 0.07
