0 0.74896 0.32417 0.05625 0.088333
0 0.35469 0.041667 0.051042 0.073333
0 0.69583 0.34917 0.054167 0.058333
0 0.825 0.80083 0.041667 0.085
0 0.68229 0.55833 0.060417 0.086667
0 0.14688 0.70833 0.04375 0.083333
0 0.11458 0.60167 0.039583 0.076667
0 0.44271 0.045833 0.052083 0.088333
0 0.17604 0.365 0.045833 0.073333
0 0.23958 0.73333 0.05 0.066667
0 0.094792 0.84 0.054167 0.093333
0 0.14688 0.835 0.0625 0.086667
0 0.42344 0.4625 0.046875 0.10167
0 0.70625 0.17667 0.03125 0.05
0 0.97813 0.10917 0.045833 0.081667
0 0.78646 0.45083 0.041667 0.065
0 0.86615 0.42167 0.053125 0.086667
0 0.72083 0.0425 0.072917 0.075
0 0.59375 0.16 0.054167 0.06
0 0.8401 0.08 0.040625 0.07
