0 0.80677 0.30917 0.059375 0.081667
0 0.40833 0.031667 0.033333 0.06
0 0.62917 0.34917 0.058333 0.081667
0 0.76042 0.8675 0.0625 0.081667
0 0.68385 0.44917 0.048958 0.091667
0 0.16458 0.64833 0.054167 0.076667
0 0.10052 0.69083 0.044792 0.071667
0 0.085417 0.78417 0.054167 0.078333
0 0.49219 0.0775 0.051042 0.075
0 0.19115 0.3225 0.057292 0.088333
0 0.4125 0.39 0.045833 0.096667
0 0.68802 0.1025 0.040625 0.065
0 0.87552 0.325 0.040625 0.076667
0 0.83906 0.41083 0.057292 0.058333
0 0.96198 0.1025 0.042708 0.065
0 0.78698 0.078333 0.061458 0.076667
0 0.55937 0.11667 0.054167 0.076667
