0 0.49583 0.36667 0.058333 0.08
0 0.28333 0.2175 0.05625 0.068333
0 0.91979 0.15167 0.052083 0.096667
0 0.97813 0.76833 0.045833 0.086667
0 0.59531 0.92083 0.032292 0.078333
0 0.095312 0.96833 0.065625 0.066667
0 0.62865 0.33417 0.065625 0.105
0 0.71406 0.39417 0.053125 0.10167
0 0.7599 0.39583 0.048958 0.12833
0 0.13125 0.23917 0.05625 0.075
0 0.16615 0.35167 0.042708 0.1
0 0.1974 0.58833 0.044792 0.076667
0 0.11458 0.61 0.052083 0.1
0 0.030729 0.71583 0.055208 0.091667
0 0.54531 0.75583 0.042708 0.071667
0 0.86719 0.095 0.048958 0.07
0 0.62396 0.64667 0.058333 0.08
