0 0.57813 0.35417 0.0625 0.068333
0 0.30312 0.1675 0.052083 0.088333
0 0.85833 0.25667 0.091667 0.09
0 0.93594 0.69083 0.038542 0.061667
0 0.62396 0.80333 0.045833 0.1
0 0.11458 0.90333 0.047917 0.073333
0 0.65104 0.26167 0.052083 0.09
0 0.67292 0.345 0.047917 0.083333
0 0.74635 0.3275 0.040625 0.081667
0 0.11615 0.33333 0.036458 0.08
0 0.16771 0.47333 0.041667 0.08
0 0.12552 0.55417 0.036458 0.071667
0 0.16458 0.6625 0.047917 0.065
0 0.01875 0.60833 0.035417 0.076667
0 0.017708 0.71083 0.033333 0.068333
0 0.50365 0.66 0.044792 0.08
0 0.67917 0.59917 0.058333 0.071667
0 0.89896 0.0925 0.058333 0.055
