0 0.98125 0.52917 0.039583 0.075
0 0.39323 0.22 0.038542 0.086667
0 0.52396 0.36333 0.05 0.073333
0 0.79792 0.9575 0.052083 0.088333
0 0.61146 0.93583 0.058333 0.088333
0 0.69063 0.285 0.05 0.063333
0 0.20417 0.5175 0.05 0.105
0 0.55469 0.1825 0.057292 0.085
0 0.22656 0.20833 0.048958 0.096667
0 0.94531 0.17583 0.053125 0.058333
0 0.92656 0.28667 0.044792 0.06
0 0.91927 0.34583 0.059375 0.065
0 0.03125 0.67333 0.04375 0.076667
0 0.69531 0.046667 0.040625 0.066667
0 0.91302 0.51417 0.048958 0.078333
0 0.10781 0.87 0.059375 0.076667
0 0.50313 0.033333 0.041667 0.063333
