0 0.35729 0.39833 0.054167 0.073333
0 0.23333 0.35167 0.04375 0.096667
0 0.81198 0.1175 0.044792 0.085
0 0.525 0.715 0.054167 0.086667
0 0.62396 0.8875 0.052083 0.091667
0 0.0875 0.90583 0.045833 0.085
0 0.58281 0.52417 0.044792 0.098333
0 0.76771 0.52667 0.041667 0.096667
0 0.79688 0.52167 0.041667 0.11333
0 0.19583 0.07 0.041667 0.08
0 0.080729 0.046667 0.051042 0.09
0 0.082812 0.75167 0.048958 0.093333
0 0.25781 0.4 0.026042 0.066667
0 0.5875 0.1775 0.041667 0.075
0 0.75365 0.084167 0.051042 0.061667
0 0.075 0.36333 0.05625 0.06
0 0.15937 0.12833 0.05625 0.063333
0 0.27552 0.033333 0.042708 0.063333
