0 0.20729 0.42167 0.05 0.083333
0 0.22656 0.52083 0.042708 0.081667
0 0.74479 0.14 0.0625 0.053333
0 0.40208 0.77167 0.060417 0.09
0 0.57344 0.77167 0.051042 0.07
0 0.071875 0.93083 0.045833 0.095
0 0.80417 0.695 0.045833 0.1
0 0.26146 0.0675 0.064583 0.068333
0 0.325 0.14583 0.04375 0.091667
0 0.28958 0.16583 0.039583 0.088333
0 0.15313 0.1525 0.04375 0.055
0 0.067187 0.1925 0.036458 0.065
0 0.027604 0.19833 0.036458 0.083333
0 0.60469 0.39917 0.051042 0.091667
0 0.84948 0.64 0.034375 0.08
0 0.85729 0.11 0.04375 0.073333
0 0.7599 0.8825 0.063542 0.10167
0 0.83073 0.95083 0.042708 0.078333
