0 0.30052 0.395 0.071875 0.07
0 0.28437 0.3125 0.039583 0.088333
0 0.23333 0.415 0.04375 0.096667
0 0.7974 0.12833 0.036458 0.066667
0 0.76719 0.1275 0.032292 0.065
0 0.47917 0.735 0.064583 0.086667
0 0.65573 0.94333 0.051042 0.093333
0 0.12865 0.97583 0.051042 0.051667
0 0.56771 0.6275 0.0375 0.095
0 0.14271 0.0325 0.052083 0.061667
0 0.10365 0.09 0.044792 0.073333
0 0.076563 0.8175 0.034375 0.091667
0 0.29219 0.075833 0.051042 0.081667
0 0.34323 0.035 0.038542 0.066667
0 0.028646 0.0975 0.040625 0.075
0 0.59115 0.25667 0.034375 0.073333
0 0.79583 0.58417 0.047917 0.071667
0 0.14531 0.39417 0.053125 0.061667
0 0.77396 0.9675 0.054167 0.068333
