0 0.11875 0.43917 0.05625 0.075
0 0.19062 0.5875 0.04375 0.095
0 0.71094 0.13333 0.065625 0.063333
0 0.35 0.4125 0.052083 0.091667
0 0.30781 0.78583 0.032292 0.035
0 0.59896 0.9275 0.05 0.091667
0 0.12708 0.78667 0.064583 0.08
0 0.74115 0.77167 0.032292 0.09
0 0.81823 0.79167 0.036458 0.1
0 0.80365 0.87167 0.044792 0.09
0 0.19792 0.12833 0.052083 0.056667
0 0.039583 0.26833 0.04375 0.066667
0 0.10729 0.29167 0.04375 0.08
0 0.61302 0.53167 0.059375 0.076667
0 0.89844 0.71167 0.044792 0.09
0 0.33698 0.21167 0.044792 0.07
0 0.28802 0.064167 0.065625 0.081667
0 0.94115 0.11167 0.055208 0.076667
