0 0.51042 0.36833 0.05625 0.08
0 0.28646 0.205 0.064583 0.08
0 0.91719 0.1725 0.053125 0.091667
0 0.96146 0.76 0.04375 0.076667
0 0.61927 0.89833 0.042708 0.08
0 0.095312 0.95917 0.055208 0.081667
0 0.6224 0.32583 0.046875 0.075
0 0.6901 0.39 0.038542 0.10667
0 0.75677 0.38 0.042708 0.096667
0 0.12344 0.26333 0.046875 0.086667
0 0.16458 0.3775 0.039583 0.078333
0 0.11354 0.6 0.0375 0.083333
0 0.19635 0.6 0.040625 0.08
0 0.022917 0.70083 0.039583 0.091667
0 0.52812 0.72417 0.052083 0.078333
0 0.89219 0.079167 0.051042 0.061667
0 0.63542 0.63917 0.066667 0.065
