0 0.46667 0.37833 0.066667 0.07
0 0.26198 0.25917 0.051042 0.075
0 0.94948 0.11333 0.046875 0.11333
0 0.59635 0.96583 0.044792 0.065
0 0.57188 0.8 0.047917 0.073333
0 0.048958 0.78083 0.04375 0.061667
0 0.6099 0.37 0.046875 0.096667
0 0.7099 0.42667 0.044792 0.096667
0 0.76146 0.42583 0.035417 0.125
0 0.14323 0.20417 0.059375 0.095
0 0.17135 0.27583 0.046875 0.061667
0 0.099479 0.65667 0.044792 0.07
0 0.21198 0.54667 0.046875 0.073333
0 0.5724 0.046667 0.053125 0.09
0 0.86042 0.095 0.05 0.07
0 0.60052 0.67417 0.067708 0.065
