0 0.9 0.27667 0.060417 0.053333
0 0.40313 0.2575 0.05 0.071667
0 0.55104 0.36583 0.0625 0.078333
0 0.65469 0.92333 0.053125 0.073333
0 0.69063 0.30667 0.05 0.09
0 0.19792 0.545 0.04375 0.083333
0 0.53906 0.15583 0.061458 0.081667
0 0.2151 0.24167 0.055208 0.083333
0 0.93802 0.19917 0.053125 0.075
0 0.9099 0.35417 0.055208 0.065
0 0.10573 0.835 0.057292 0.086667
0 0.033854 0.69667 0.048958 0.07
0 0.51354 0.036667 0.04375 0.063333
0 0.71354 0.059167 0.047917 0.061667
0 0.65469 0.030833 0.046875 0.058333
