0 0.67969 0.33417 0.051042 0.075
0 0.34323 0.076667 0.059375 0.066667
0 0.75104 0.3325 0.05625 0.078333
0 0.89063 0.7275 0.041667 0.071667
0 0.66979 0.62 0.058333 0.10333
0 0.10365 0.52417 0.038542 0.078333
0 0.13073 0.755 0.034375 0.086667
0 0.61771 0.20583 0.05625 0.12167
0 0.15677 0.41583 0.051042 0.078333
0 0.12396 0.8925 0.052083 0.091667
0 0.11563 0.80583 0.0625 0.065
0 0.046354 0.77167 0.061458 0.063333
0 0.20833 0.66083 0.054167 0.088333
0 0.44271 0.5275 0.060417 0.075
0 0.72188 0.21583 0.0375 0.068333
0 0.75677 0.50167 0.048958 0.073333
0 0.86979 0.50833 0.04375 0.08
0 0.88958 0.0775 0.04375 0.068333
0 0.70937 0.11 0.045833 0.07
