0 0.33229 0.3925 0.05625 0.055
0 0.26823 0.34583 0.040625 0.095
0 0.22448 0.38667 0.044792 0.086667
0 0.81354 0.1275 0.06875 0.075
0 0.49271 0.71833 0.054167 0.076667
0 0.64167 0.90917 0.066667 0.091667
0 0.11354 0.94917 0.05 0.081667
0 0.76927 0.5625 0.026042 0.095
0 0.79688 0.565 0.035417 0.1
0 0.56771 0.57917 0.0375 0.081667
0 0.20729 0.038333 0.039583 0.073333
0 0.1 0.076667 0.0375 0.066667
0 0.079687 0.77917 0.042708 0.078333
0 0.58906 0.22583 0.032292 0.071667
0 0.76302 0.0925 0.051042 0.075
0 0.11771 0.38667 0.045833 0.066667
0 0.15365 0.055833 0.042708 0.061667
0 0.036979 0.075 0.042708 0.063333
0 0.28646 0.056667 0.045833 0.076667
