0 0.4224 0.38917 0.055208 0.081667
0 0.25677 0.28417 0.053125 0.088333
0 0.98021 0.051667 0.041667 0.093333
0 0.56563 0.6825 0.054167 0.085
0 0.58229 0.8325 0.047917 0.088333
0 0.074479 0.815 0.044792 0.056667
0 0.60365 0.43833 0.048958 0.09
0 0.73125 0.46333 0.05625 0.11
0 0.77292 0.4625 0.05 0.11167
0 0.15521 0.14583 0.041667 0.058333
0 0.019271 0.04 0.036458 0.076667
0 0.092188 0.695 0.048958 0.08
0 0.23229 0.49667 0.05 0.083333
0 0.58437 0.076667 0.029167 0.076667
0 0.72813 0.033333 0.04375 0.063333
0 0.84844 0.11333 0.044792 0.056667
0 0.16927 0.22917 0.044792 0.078333
