0 0.97135 0.5075 0.046875 0.071667
0 0.39323 0.18667 0.040625 0.11
0 0.5 0.36417 0.04375 0.065
0 0.79323 0.93333 0.053125 0.1
0 0.59688 0.925 0.066667 0.076667
0 0.20781 0.50167 0.051042 0.076667
0 0.56719 0.1975 0.061458 0.095
0 0.22969 0.1875 0.044792 0.085
0 0.70625 0.255 0.039583 0.076667
0 0.95885 0.14583 0.044792 0.068333
0 0.94219 0.27833 0.040625 0.03
0 0.94323 0.33333 0.048958 0.05
0 0.025521 0.63583 0.040625 0.051667
0 0.69323 0.025833 0.038542 0.048333
0 0.48698 0.015 0.036458 0.026667
0 0.90833 0.505 0.04375 0.06
0 0.11458 0.90333 0.052083 0.08
