0 0.2875 0.40167 0.058333 0.07
0 0.28542 0.295 0.041667 0.086667
0 0.23021 0.42417 0.035417 0.125
0 0.77135 0.14333 0.036458 0.066667
0 0.81198 0.10917 0.065625 0.081667
0 0.47552 0.74667 0.063542 0.083333
0 0.67656 0.95 0.065625 0.10333
0 0.076563 0.84583 0.042708 0.105
0 0.56198 0.65833 0.040625 0.093333
0 0.29948 0.094167 0.051042 0.071667
0 0.3349 0.0425 0.053125 0.081667
0 0.10833 0.10333 0.041667 0.086667
0 0.033854 0.11417 0.051042 0.081667
0 0.59531 0.27833 0.032292 0.086667
0 0.79896 0.59417 0.047917 0.081667
0 0.15156 0.40333 0.059375 0.063333
0 0.76667 0.95083 0.05625 0.075
