0 0.79688 0.30167 0.05625 0.063333
0 0.38542 0.0325 0.045833 0.061667
0 0.64844 0.35417 0.048958 0.068333
0 0.78385 0.8575 0.061458 0.098333
0 0.67917 0.4725 0.058333 0.075
0 0.15521 0.66167 0.045833 0.08
0 0.10677 0.67083 0.044792 0.088333
0 0.095833 0.8025 0.047917 0.088333
0 0.49427 0.071667 0.069792 0.096667
0 0.17708 0.335 0.072917 0.096667
0 0.41198 0.41083 0.051042 0.095
0 0.69271 0.12 0.047917 0.08
0 0.87344 0.35083 0.038542 0.095
0 0.82604 0.4175 0.052083 0.071667
0 0.98333 0.12333 0.035417 0.056667
0 0.97135 0.066667 0.048958 0.046667
0 0.57552 0.12333 0.046875 0.063333
0 0.79115 0.0775 0.044792 0.088333
