0 0.76406 0.31667 0.053125 0.086667
0 0.36719 0.04 0.032292 0.076667
0 0.67135 0.36167 0.063542 0.07
0 0.81146 0.8375 0.054167 0.098333
0 0.6724 0.5125 0.046875 0.095
0 0.15052 0.69083 0.044792 0.078333
0 0.1099 0.62167 0.044792 0.086667
0 0.092188 0.83167 0.042708 0.09
0 0.47813 0.050833 0.054167 0.098333
0 0.17552 0.36 0.044792 0.086667
0 0.14896 0.8575 0.045833 0.091667
0 0.41146 0.43917 0.054167 0.10167
0 0.69219 0.14833 0.034375 0.046667
0 0.87187 0.37833 0.058333 0.1
0 0.80625 0.44417 0.060417 0.091667
0 0.98281 0.11417 0.036458 0.071667
0 0.95365 0.033333 0.040625 0.063333
0 0.81823 0.084167 0.053125 0.061667
0 0.59115 0.14833 0.065625 0.056667
0 0.73958 0.028333 0.045833 0.053333
