0 0.29635 0.2425 0.040625 0.098333
0 0.24219 0.41917 0.034375 0.058333
0 0.20313 0.4175 0.052083 0.058333
0 0.22552 0.4925 0.036458 0.10167
0 0.76875 0.13917 0.070833 0.088333
0 0.42812 0.76917 0.0625 0.068333
0 0.56458 0.71 0.05 0.08
0 0.072396 0.89417 0.057292 0.091667
0 0.8125 0.66583 0.035417 0.078333
0 0.29896 0.044167 0.064583 0.061667
0 0.32188 0.11583 0.066667 0.071667
0 0.13698 0.1375 0.040625 0.075
0 0.038021 0.17333 0.040625 0.073333
0 0.60833 0.3425 0.03125 0.091667
0 0.84896 0.605 0.0375 0.06
0 0.8401 0.10083 0.046875 0.071667
0 0.7724 0.91833 0.055208 0.09
0 0.8401 0.96583 0.046875 0.071667
