0 0.57917 0.35333 0.060417 0.053333
0 0.29688 0.15167 0.039583 0.086667
0 0.84427 0.2575 0.078125 0.081667
0 0.98594 0.62 0.030208 0.073333
0 0.62865 0.78917 0.048958 0.115
0 0.1125 0.89167 0.04375 0.076667
0 0.66302 0.33333 0.046875 0.08
0 0.6526 0.2475 0.042708 0.071667
0 0.12031 0.53667 0.046875 0.076667
0 0.14271 0.47167 0.041667 0.076667
0 0.023438 0.605 0.044792 0.073333
0 0.022917 0.71083 0.041667 0.058333
0 0.14427 0.6725 0.042708 0.075
0 0.11823 0.35417 0.040625 0.075
0 0.49219 0.6475 0.038542 0.105
0 0.74062 0.31333 0.04375 0.07
0 0.93333 0.68333 0.033333 0.056667
0 0.6875 0.5825 0.0375 0.075
0 0.90521 0.075 0.039583 0.063333
