0 0.14375 0.42583 0.058333 0.065
0 0.20469 0.57333 0.059375 0.08
0 0.72031 0.13917 0.067708 0.071667
0 0.34063 0.78167 0.05 0.06
0 0.57969 0.8675 0.048958 0.098333
0 0.10312 0.79417 0.058333 0.065
0 0.74271 0.81167 0.045833 0.1
0 0.8099 0.76167 0.038542 0.1
0 0.81719 0.89333 0.032292 0.093333
0 0.21094 0.10167 0.044792 0.076667
0 0.17188 0.19167 0.041667 0.07
0 0.040104 0.25 0.048958 0.076667
0 0.09375 0.2675 0.04375 0.071667
0 0.60781 0.48917 0.051042 0.10167
0 0.88594 0.685 0.044792 0.07
0 0.32813 0.18167 0.04375 0.07
0 0.28906 0.0875 0.057292 0.078333
0 0.32917 0.42833 0.054167 0.073333
0 0.91458 0.10833 0.05 0.086667
