0 0.14635 0.42417 0.046875 0.068333
0 0.19323 0.55583 0.051042 0.071667
0 0.71354 0.13917 0.064583 0.088333
0 0.34583 0.7825 0.05 0.061667
0 0.58021 0.85 0.052083 0.076667
0 0.098437 0.79417 0.046875 0.065
0 0.74635 0.8175 0.040625 0.11167
0 0.81615 0.75917 0.038542 0.095
0 0.82135 0.895 0.046875 0.086667
0 0.22135 0.095833 0.046875 0.081667
0 0.16927 0.18 0.044792 0.08
0 0.035417 0.25417 0.035417 0.055
0 0.096354 0.25417 0.044792 0.055
0 0.60781 0.47583 0.038542 0.085
0 0.88281 0.68 0.044792 0.08
0 0.33698 0.18417 0.044792 0.065
0 0.29219 0.10333 0.044792 0.076667
0 0.32552 0.42917 0.046875 0.071667
0 0.91146 0.11083 0.045833 0.071667
