0 0.99062 0.51333 0.020833 0.083333
0 0.92448 0.27583 0.055208 0.068333
0 0.39687 0.2275 0.039583 0.091667
0 0.5276 0.3625 0.065625 0.061667
0 0.62396 0.93583 0.052083 0.065
0 0.69635 0.285 0.051042 0.076667
0 0.19948 0.51917 0.053125 0.10167
0 0.55 0.16417 0.070833 0.095
0 0.22708 0.22417 0.05 0.078333
0 0.9375 0.185 0.054167 0.05
0 0.92656 0.36417 0.057292 0.075
0 0.69688 0.036667 0.0375 0.066667
0 0.038542 0.67333 0.045833 0.073333
0 0.11042 0.86 0.05 0.10333
0 0.50417 0.0325 0.052083 0.061667
