0 0.21979 0.5125 0.070833 0.085
0 0.1901 0.40833 0.042708 0.07
0 0.2651 0.42417 0.032292 0.068333
0 0.73802 0.13417 0.067708 0.061667
0 0.3901 0.78 0.063542 0.086667
0 0.5776 0.78167 0.053125 0.093333
0 0.071875 0.95667 0.04375 0.09
0 0.80885 0.70417 0.040625 0.098333
0 0.75521 0.85 0.035417 0.083333
0 0.83073 0.9325 0.048958 0.071667
0 0.25312 0.0775 0.058333 0.068333
0 0.15833 0.15583 0.035417 0.041667
0 0.067187 0.20833 0.042708 0.053333
0 0.027604 0.21083 0.036458 0.051667
0 0.6099 0.42083 0.048958 0.105
0 0.86146 0.65583 0.05 0.078333
0 0.32813 0.15583 0.04375 0.061667
0 0.29271 0.16333 0.0375 0.063333
0 0.86458 0.12833 0.05625 0.086667
