0 0.78073 0.31 0.061458 0.07
0 0.37188 0.036667 0.033333 0.07
0 0.66458 0.35833 0.064583 0.063333
0 0.8026 0.83833 0.048958 0.08
0 0.68073 0.49917 0.057292 0.098333
0 0.1474 0.6775 0.042708 0.085
0 0.1026 0.64333 0.044792 0.083333
0 0.09375 0.8025 0.039583 0.098333
0 0.48385 0.056667 0.061458 0.11
0 0.17135 0.35 0.042708 0.076667
0 0.40885 0.41333 0.051042 0.083333
0 0.70156 0.14083 0.034375 0.068333
0 0.87396 0.3825 0.05 0.091667
0 0.81979 0.4375 0.04375 0.081667
0 0.98021 0.11583 0.041667 0.071667
0 0.95573 0.0375 0.055208 0.065
0 0.56823 0.13583 0.053125 0.081667
